202	2	2	1	1	mấy ai 
201	1	2	1	1	chú 
200	2	2	1	1	ra trường 
199	1	2	1	1	vui 
198	1	2	1	1	vy 
197	1	2	1	1	gì 
196	1	2	1	1	chúng 
195	1	3	1	1	tôi 
193	1	2	1	1	khó 
192	1	3	1	1	mỗi 
191	1	2	1	1	cảnh 
190	1	2	1	1	diễn 
189	1	3	1	1	chính 
186	1	3	1	1	vẫn 
185	1	2	1	1	công 
184	1	3	1	1	chỉ 
183	1	3	1	1	mặt 
182	1	5	1	1	hay 
181	2	2	1	1	hay không 
179	1	3	1	1	áo 
178	2	2	1	1	áo dài 
177	1	2	1	1	đi 
175	2	3	1	1	tất cả 
173	2	2	1	1	sắp xếp 
172	1	2	1	1	lạc 
171	1	2	1	1	dành 
169	2	3	1	1	thời gian 
168	1	2	1	1	vẹn 
167	1	2	1	1	đến 
166	1	3	1	1	khi 
165	1	2	1	1	từ 
164	1	4	1	1	này 
163	2	3	1	1	thực hiện 
161	2	2	1	1	chia sẻ 
160	1	4	1	1	ấy 
158	1	4	1	1	nga 
157	1	2	1	1	bè 
156	1	4	1	1	không 
155	1	2	1	1	ngoài 
154	1	2	1	1	ở 
153	1	2	1	1	định 
152	1	3	1	1	10 
151	1	2	1	1	rằng 
149	1	5	1	1	hứa 
148	2	3	1	1	hứa hẹn 
147	1	7	1	1	người 
146	1	7	1	1	cũng 
145	2	2	1	1	cũng như 
144	1	3	1	1	ai 
143	1	4	1	1	mà 
142	1	3	1	1	bình 
141	2	2	1	1	bình luận 
140	1	2	1	1	điều 
138	2	2	1	1	bài cũ 
137	1	3	1	1	lời 
135	1	3	1	1	mất 
134	1	3	1	1	vì 
133	1	2	1	1	phạt 
130	1	7	1	1	trong 
129	2	2	1	1	trong giờ 
128	2	3	1	1	trong lớp 
126	1	2	1	1	xa 
125	1	10	1	1	có 
124	2	2	1	1	có người 
123	1	6	1	1	như 
122	1	2	1	1	tự 
121	1	2	1	1	và 
120	1	2	1	1	động 
119	1	2	1	1	cách 
118	1	4	1	1	một 
117	1	2	1	1	nhiên 
116	1	7	1	1	với 
115	2	2	1	1	với nhau 
114	1	6	1	1	về 
112	1	8	1	1	được 
111	3	2	1	1	được lời hứa 
110	2	2	1	1	được như 
109	1	5	1	1	để 
108	2	2	1	1	để được 
107	1	4	1	1	đồng 
106	1	2	1	1	mặc 
105	2	2	1	1	rủ nhau 
104	1	2	1	1	họ 
103	1	3	1	1	tuổi 
101	1	2	1	1	tình 
100	1	5	1	1	giờ 
99	1	2	1	1	chưa 
98	1	3	1	1	nhưng 
97	1	5	1	1	thành 
96	2	3	1	1	thành viên 
95	1	2	1	1	trưởng 
94	1	7	1	1	đã 
93	1	5	1	1	trò 
92	1	3	1	1	cô 
91	1	5	1	1	hội 
89	2	3	1	1	xã hội 
88	1	3	1	1	mạng 
87	3	2	1	1	mạng xã hội 
86	1	2	1	1	trên 
85	1	3	1	1	yếu 
84	1	2	1	1	chủ 
83	1	9	1	1	là 
82	2	2	1	1	là ngày 
81	2	2	1	1	là những 
80	1	5	1	1	trường 
76	1	16	1	1	lớp 
75	2	8	1	1	lớp 12a2 
74	4	2	1	1	lớp 12a2 năm ấy 
72	1	2	1	1	thể 
71	1	3	1	1	tập 
70	1	6	1	1	bạn 
69	1	5	1	1	nhiều 
68	1	5	1	1	rất 
67	2	4	1	1	rất nhiều 
66	1	6	1	1	cho 
65	1	2	1	1	hứng 
64	1	4	1	1	cảm 
63	2	2	1	1	cảm xúc 
62	1	4	1	1	đang 
61	1	8	1	1	chị 
60	2	3	1	1	chị nga 
58	1	7	1	1	các 
57	3	2	1	1	các anh chị 
56	1	11	1	1	của 
55	3	5	1	1	của lớp 12a2 
53	1	7	1	1	ảnh 
52	2	3	1	1	ảnh này 
51	3	2	1	1	ảnh kỷ yếu 
50	1	6	1	1	bộ 
49	2	5	1	1	bộ ảnh 
48	3	2	1	1	bộ ảnh này 
47	1	5	1	1	xưa 
46	1	6	1	1	ngày 
45	2	2	1	1	ngày xưa 
44	1	4	1	1	niệm 
43	4	2	1	1	niệm tuổi học trò 
42	1	5	1	1	kỷ 
40	2	3	1	1	kỷ niệm 
39	1	7	1	1	những 
38	1	5	1	1	hiện 
36	4	2	1	1	tái hiện lại những 
35	1	3	1	1	cùng 
34	1	11	1	1	nhau 
33	3	2	1	1	nhau trực nhật 
32	1	3	1	1	gặp 
31	2	2	1	1	gặp mặt 
30	1	6	1	1	lại 
27	2	3	1	1	cần thơ 
24	1	3	1	1	bùi 
22	6	2	1	1	thpt bùi hữu nghĩa cần thơ 
19	3	2	1	1	khóa 1998 2001 
18	1	3	1	1	sinh 
17	1	10	1	1	học 
16	2	4	1	1	học trò 
15	2	2	1	1	học sinh 
14	1	18	1	1	năm 
13	2	3	1	1	năm ấy 
11	3	2	1	1	năm về trước 
10	2	3	1	1	năm xưa 
8	2	7	1	1	20 năm 
7	1	6	1	1	sau 
6	3	3	1	1	sau 20 năm 
